8.8465e-03
8.2115e-03
5.7932e-03
9.5622e-03
8.3654e-03
9.9358e-03
1.3535e-02
1.0487e-02
9.9616e-03
-2.7675e-01
-3.4380e-01
-3.3782e-01
-3.4107e-01
-3.4581e-01
-3.3978e-01
-3.4651e-01
-3.4251e-01
-3.4172e-01
-3.4595e-01
-3.4112e-01
-3.4489e-01
-3.3987e-01
-3.4662e-01
-3.5325e-01
-3.5374e-01
-3.5135e-01
-3.5571e-01
-3.5220e-01
-3.4896e-01
-3.3939e-01
-2.9048e-01
-2.9402e-01
-2.9874e-01
-2.9172e-01
-2.9124e-01
-2.9240e-01
-2.9129e-01
-2.9285e-01
-2.9095e-01
-2.9136e-01
-2.4689e-02
-1.1864e-02
-6.1141e-02
-1.1903e-02
-9.1170e-02
-1.6145e-02
-1.8831e-02
-1.8886e-02
-1.3710e-02
-2.8595e-02
