7.2713e-03
1.2571e-02
9.8758e-03
1.8402e-02
1.7241e-02
1.5120e-02
1.4219e-02
2.1494e-02
-2.7425e-02
-1.9428e-01
-3.0822e-01
-3.0893e-01
-3.0243e-01
-3.1586e-01
-3.0312e-01
-3.0835e-01
-2.9910e-01
-3.0335e-01
-3.0529e-01
-3.2105e-01
-4.2543e-01
-4.2747e-01
-4.2435e-01
-4.3077e-01
-4.1724e-01
-4.3659e-01
-4.3136e-01
-4.3564e-01
-4.3492e-01
-4.3130e-01
-4.4334e-01
-4.3393e-01
-4.3166e-01
-4.4344e-01
-4.4365e-01
-4.3220e-01
-4.2505e-01
-2.4034e-01
2.1129e-02
2.5316e-02
2.0540e-02
2.1487e-02
2.1090e-02
1.8242e-02
1.7648e-02
1.8188e-02
1.6452e-02
1.9451e-02
1.8390e-02
1.2960e-02
