4.9508e-03
8.3852e-03
7.0561e-03
4.9124e-03
9.8762e-03
1.2143e-02
1.2661e-02
1.4244e-02
1.4719e-02
1.7803e-02
2.0116e-03
-2.2992e-01
-3.1491e-01
-3.1669e-01
-3.0675e-01
-3.0772e-01
-3.1032e-01
-3.0944e-01
-3.0898e-01
-3.6875e-01
-4.2740e-01
-4.3670e-01
-4.2405e-01
-4.3251e-01
-4.2849e-01
-4.3875e-01
-4.3259e-01
-4.4027e-01
-4.3812e-01
-4.3781e-01
-4.4138e-01
-4.3201e-01
-4.4514e-01
-4.3419e-01
-1.3668e-01
2.4569e-02
1.6625e-02
1.8071e-02
1.5273e-02
1.2630e-02
1.6777e-02
1.6698e-02
1.5115e-02
7.7573e-03
1.3319e-02
1.0772e-02
1.0664e-02
4.9608e-03
8.5251e-03
2.3113e-03
