1.3146e-02
1.2065e-02
1.3124e-02
1.1591e-02
1.2644e-02
1.4071e-02
1.7642e-02
1.7146e-02
1.2906e-02
1.8857e-02
1.8781e-02
1.6997e-02
1.8114e-02
-1.6389e-01
-3.3078e-01
-3.3073e-01
-3.3235e-01
-3.3519e-01
-3.3893e-01
-3.3185e-01
-3.3440e-01
-3.3309e-01
-3.3740e-01
-3.3607e-01
-3.3805e-01
-3.3598e-01
-3.3994e-01
-3.3814e-01
-3.3946e-01
-3.5792e-01
-3.4705e-01
-3.4667e-01
-3.4450e-01
-3.5109e-01
-3.4108e-01
-3.4567e-01
-3.5623e-01
-3.4558e-01
-3.3923e-01
-3.8928e-02
4.0541e-04
-6.9956e-04
-2.8061e-03
-1.1337e-02
-2.8221e-04
-2.5508e-03
-2.3068e-03
-2.5685e-03
-1.3514e-04
9.4595e-04
