2.2657e-04
1.4931e-03
-5.1912e-02
6.6599e-03
7.0300e-03
3.9496e-03
3.0638e-03
6.0260e-03
6.3434e-03
6.3434e-03
4.1645e-03
1.0191e-02
-4.5810e-02
-3.2255e-01
-3.3876e-01
-3.3992e-01
-3.4818e-01
-3.4830e-01
-3.4409e-01
-3.4238e-01
-3.3943e-01
-3.2331e-01
-3.2428e-01
-3.1284e-01
-3.1161e-01
-2.8268e-01
-2.8267e-01
-2.8222e-01
-2.8268e-01
-2.8792e-01
-2.8903e-01
-2.8481e-01
-2.8621e-01
-2.9058e-01
-2.8100e-01
-2.8526e-01
-2.8261e-01
-2.8948e-01
-2.9268e-01
-3.0360e-01
-3.2800e-01
-4.1138e-01
-2.2396e-02
-3.0698e-03
-8.4327e-03
-7.6719e-03
-9.3836e-03
-6.5289e-03
-1.2849e-02
-1.2088e-02
