#DataThief C:\Users\Sebastian\Desktop\Research Project\Program\Program 20170401\GraphRefractiveIndexBlackPhosphorus.png Tuesday 27-Jun-2017 11:44:17 AM
468.4323, 0.2263
468.9454, 0.2353
469.4617, 0.2353
469.4585, 0.2444
469.9748, 0.2444
470.488, 0.2535
471.0043, 0.2535
471.5207, 0.2535
472.037, 0.2535
472.5534, 0.2535
473.0697, 0.2535
473.5861, 0.2535
474.1057, 0.2444
474.6253, 0.2353
474.6284, 0.2263
475.1481, 0.2172
475.6644, 0.2172
476.1808, 0.2172
476.6972, 0.2172
477.2168, 0.2081
477.733, 0.2081
478.2495, 0.2081
478.7658, 0.2081
479.2822, 0.2081
479.7985, 0.2081
480.3149, 0.2081
480.8312, 0.2081
481.3476, 0.2081
481.8639, 0.2081
482.3803, 0.2081
482.8965, 0.2081
483.413, 0.2081
483.9293, 0.2081
484.4489, 0.199
484.9653, 0.199
485.4816, 0.199
485.998, 0.199
485.9947, 0.2081
486.5078, 0.2172
486.5046, 0.2263
487.0209, 0.2263
487.5373, 0.2263
488.0536, 0.2263
488.5699, 0.2263
489.0863, 0.2263
489.6027, 0.2263
490.119, 0.2263
490.6354, 0.2263
491.1517, 0.2263
491.6681, 0.2263
492.1844, 0.2263
492.7008, 0.2263
493.2171, 0.2263
493.7335, 0.2263
494.2498, 0.2263
494.7694, 0.2172
495.289, 0.2081
495.8054, 0.2081
495.8086, 0.199
496.325, 0.199
496.8413, 0.199
497.3577, 0.199
497.874, 0.199
498.3904, 0.199
498.9066, 0.199
499.4231, 0.199
499.9394, 0.199
500.4558, 0.199
500.9721, 0.199
501.4885, 0.199
502.0049, 0.199
502.5211, 0.199
503.0376, 0.199
503.5539, 0.199
504.0703, 0.199
504.5866, 0.199
505.103, 0.199
505.6193, 0.199
506.1357, 0.199
506.652, 0.199
507.1684, 0.199
507.6846, 0.199
508.2011, 0.199
508.7174, 0.199
509.2338, 0.199
509.7501, 0.199
510.2665, 0.199
510.7828, 0.199
511.2992, 0.199
511.8155, 0.199
512.3319, 0.199
512.8481, 0.199
513.3646, 0.199
513.8809, 0.199
514.3973, 0.199
514.9169, 0.1899
515.4332, 0.1899
515.9527, 0.1809
516.4692, 0.1809
516.9855, 0.1809
517.5019, 0.1809
518.0182, 0.1809
518.5346, 0.1809
519.0509, 0.1809
519.5673, 0.1809
520.0836, 0.1809
520.6, 0.1809
521.1163, 0.1809
521.6327, 0.1809
522.149, 0.1809
522.6654, 0.1809
523.1817, 0.1809
523.6981, 0.1809
524.2177, 0.1718
524.7372, 0.1627
525.2536, 0.1627
525.7732, 0.1536
526.2896, 0.1536
526.8058, 0.1536
527.3223, 0.1536
527.8386, 0.1536
528.355, 0.1536
528.8681, 0.1627
529.3812, 0.1718
529.8975, 0.1718
530.4139, 0.1718
530.9302, 0.1718
531.4466, 0.1718
531.9662, 0.1627
532.4825, 0.1627
532.9989, 0.1627
533.5152, 0.1627
534.0348, 0.1536
534.5512, 0.1536
535.0708, 0.1446
535.5904, 0.1355
536.1067, 0.1355
536.11, 0.1264
536.6263, 0.1264
537.1427, 0.1264
537.659, 0.1264
538.1721, 0.1355
538.6853, 0.1446
539.1984, 0.1536
539.7147, 0.1536
540.2311, 0.1536
540.7473, 0.1536
541.2638, 0.1536
541.7801, 0.1536
542.2997, 0.1446
542.8193, 0.1355
543.3357, 0.1355
543.8553, 0.1264
544.3716, 0.1264
544.8912, 0.1173
544.8944, 0.1082
544.8977, 0.0992
544.9009, 0.0901
544.9042, 0.081
544.9074, 0.0719
545.4238, 0.0719
545.427, 0.0628
544.9139, 0.0538
544.3976, 0.0538
544.9106, 0.0628
544.3942, 0.0628
544.3911, 0.0719
544.3878, 0.081
544.9042, 0.081
545.4205, 0.081
545.4173, 0.0901
545.414, 0.0992
545.4108, 0.1082
545.9239, 0.1173
545.9207, 0.1264
545.9174, 0.1355
546.4338, 0.1355
546.9501, 0.1355
547.4665, 0.1355
547.9828, 0.1355
548.4959, 0.1446
549.009, 0.1536
549.5253, 0.1536
550.0417, 0.1536
550.5581, 0.1536
551.0744, 0.1536
551.5939, 0.1446
552.1104, 0.1446
552.1136, 0.1355
552.63, 0.1355
553.1463, 0.1355
553.6659, 0.1264
554.1823, 0.1264
554.6985, 0.1264
555.215, 0.1264
555.7313, 0.1264
556.2444, 0.1355
556.7608, 0.1355
557.2771, 0.1355
557.7934, 0.1355
558.3098, 0.1355
558.8229, 0.1446
559.3361, 0.1536
559.8524, 0.1536
560.3688, 0.1536
560.8851, 0.1536
561.4015, 0.1536
561.9178, 0.1536
562.4374, 0.1446
562.9538, 0.1446
563.4734, 0.1355
563.9897, 0.1355
564.5061, 0.1355
565.0224, 0.1355
565.5388, 0.1355
566.0519, 0.1446
566.5682, 0.1446
566.565, 0.1536
567.0813, 0.1536
567.5977, 0.1536
568.114, 0.1536
568.6303, 0.1536
569.1467, 0.1536
569.6631, 0.1536
570.1794, 0.1536
570.6958, 0.1536
571.2121, 0.1536
571.7285, 0.1536
572.2448, 0.1536
572.7612, 0.1536
573.2775, 0.1536
573.7939, 0.1536
574.3102, 0.1536
574.8298, 0.1446
575.3462, 0.1446
575.8658, 0.1355
576.382, 0.1355
576.8984, 0.1355
577.4148, 0.1355
577.9312, 0.1355
578.4475, 0.1355
578.9606, 0.1446
579.4769, 0.1446
579.9901, 0.1536
580.5064, 0.1536
581.026, 0.1446
581.5424, 0.1446
582.062, 0.1355
582.5783, 0.1355
583.0947, 0.1355
583.611, 0.1355
584.1274, 0.1355
584.647, 0.1264
585.1633, 0.1264
585.6797, 0.1264
586.196, 0.1264
586.7124, 0.1264
587.2287, 0.1264
587.745, 0.1264
588.2582, 0.1355
588.7713, 0.1446
589.2844, 0.1536
589.8008, 0.1536
590.3171, 0.1536
590.8335, 0.1536
591.3498, 0.1536
591.8662, 0.1536
592.3858, 0.1446
592.9054, 0.1355
593.4217, 0.1355
593.9381, 0.1355
594.4544, 0.1355
594.9675, 0.1446
595.4806, 0.1536
595.9969, 0.1536
596.5133, 0.1536
597.0297, 0.1536
597.546, 0.1536
598.0624, 0.1536
598.5787, 0.1536
599.0951, 0.1536
599.6114, 0.1536
600.1278, 0.1536
600.6441, 0.1536
601.1605, 0.1536
601.6768, 0.1536
602.1932, 0.1536
602.7095, 0.1536
603.2259, 0.1536
603.7422, 0.1536
604.2586, 0.1536
604.7749, 0.1536
605.2913, 0.1536
605.8044, 0.1627
606.3208, 0.1627
606.3175, 0.1718
606.8338, 0.1718
607.347, 0.1809
607.8633, 0.1809
608.3797, 0.1809
608.896, 0.1809
609.4123, 0.1809
609.9287, 0.1809
610.4451, 0.1809
610.9614, 0.1809
611.4778, 0.1809
611.9941, 0.1809
612.5105, 0.1809
613.0268, 0.1809
613.5432, 0.1809
614.0594, 0.1809
614.5791, 0.1718
615.0955, 0.1718
615.6118, 0.1718
616.1282, 0.1718
616.6444, 0.1718
617.1576, 0.1809
617.674, 0.1809
618.1903, 0.1809
618.7067, 0.1809
619.223, 0.1809
619.7393, 0.1809
620.2557, 0.1809
620.7721, 0.1809
621.2884, 0.1809
621.8048, 0.1809
622.3212, 0.1809
622.8375, 0.1809
623.3538, 0.1809
623.8735, 0.1718
624.393, 0.1627
624.9125, 0.1536
625.429, 0.1536
625.9453, 0.1536
626.4617, 0.1536
626.978, 0.1536
627.4944, 0.1536
628.0108, 0.1536
628.5271, 0.1536
629.0435, 0.1536
629.5598, 0.1536
630.0762, 0.1536
630.5925, 0.1536
631.1089, 0.1536
631.6252, 0.1536
632.1416, 0.1536
632.6579, 0.1536
633.1743, 0.1536
633.6905, 0.1536
634.207, 0.1536
634.7233, 0.1536
635.2429, 0.1446
635.7593, 0.1446
636.2789, 0.1355
636.7952, 0.1355
637.3115, 0.1355
637.8279, 0.1355
638.341, 0.1446
638.854, 0.1536
639.3705, 0.1536
639.8868, 0.1536
640.4032, 0.1536
640.9195, 0.1536
641.4359, 0.1536
641.9555, 0.1446
642.4718, 0.1446
642.4751, 0.1355
642.9914, 0.1355
643.5078, 0.1355
644.0241, 0.1355
644.5405, 0.1355
645.0536, 0.1446
645.5667, 0.1536
646.083, 0.1536
646.5994, 0.1536
647.1157, 0.1536
647.632, 0.1536
648.1484, 0.1536
648.6648, 0.1536
649.1811, 0.1536
649.6975, 0.1536
650.2138, 0.1536
650.7302, 0.1536
651.2466, 0.1536
651.7629, 0.1536
652.2793, 0.1536
652.7955, 0.1536
653.312, 0.1536
653.8283, 0.1536
654.3447, 0.1536
654.861, 0.1536
655.3774, 0.1536
655.8937, 0.1536
656.4101, 0.1536
656.9264, 0.1536
657.4428, 0.1536
657.959, 0.1536
658.4755, 0.1536
658.9918, 0.1536
659.5082, 0.1536
660.0245, 0.1536
660.5409, 0.1536
661.0572, 0.1536
661.5735, 0.1536
662.0899, 0.1536
662.6063, 0.1536
663.1226, 0.1536
663.639, 0.1536
664.1553, 0.1536
664.6717, 0.1536
665.188, 0.1536
665.7044, 0.1536
666.2207, 0.1536
666.737, 0.1536
667.2534, 0.1536
667.7698, 0.1536
668.2861, 0.1536
668.8025, 0.1536
669.3188, 0.1536
669.8352, 0.1536
670.3515, 0.1536
670.8679, 0.1536
671.3841, 0.1536
671.9005, 0.1536
672.4169, 0.1536
672.9333, 0.1536
673.4496, 0.1536
673.966, 0.1536
674.4856, 0.1446
675.0019, 0.1446
675.5215, 0.1355
676.0379, 0.1355
676.5542, 0.1355
677.0706, 0.1355
677.5869, 0.1355
678.1033, 0.1355
678.6197, 0.1355
679.1328, 0.1446
679.6491, 0.1446
680.1655, 0.1446
680.6818, 0.1446
681.1982, 0.1446
681.7178, 0.1355
682.2341, 0.1355
682.7505, 0.1355
683.2668, 0.1355
683.7832, 0.1355
684.3028, 0.1264
684.8224, 0.1173
685.3387, 0.1173
685.8582, 0.1082
686.3747, 0.1082
686.891, 0.1082
687.4074, 0.1082
687.9237, 0.1082
688.4401, 0.1082
688.9564, 0.1082
689.4727, 0.1082
689.9891, 0.1082
690.5055, 0.1082
691.0218, 0.1082
691.5382, 0.1082
692.0545, 0.1082
692.5709, 0.1082
693.0872, 0.1082
693.6036, 0.1082
694.1232, 0.0992
694.6395, 0.0992
694.6428, 0.0901
695.1591, 0.0901
695.6755, 0.0901
696.1886, 0.0992
696.7048, 0.0992
697.218, 0.1082
697.7344, 0.1082
698.2507, 0.1082
698.7671, 0.1082
699.2833, 0.1082
699.7997, 0.1082
700.3161, 0.1082
700.8325, 0.1082
701.3488, 0.1082
701.8652, 0.1082
702.3815, 0.1082
702.8979, 0.1082
703.4142, 0.1082
703.9306, 0.1082
704.4469, 0.1082
704.9633, 0.1082
705.4796, 0.1082
705.996, 0.1082
706.5123, 0.1082
707.0287, 0.1082
707.545, 0.1082
708.0614, 0.1082
708.5777, 0.1082
709.0941, 0.1082
709.6105, 0.1082
710.1268, 0.1082
710.6432, 0.1082
711.1595, 0.1082
711.6759, 0.1082
712.1922, 0.1082
712.7086, 0.1082
713.2248, 0.1082
713.7412, 0.1082
714.2576, 0.1082
714.7772, 0.0992
715.2936, 0.0992
715.8098, 0.0992
716.323, 0.1082
716.8394, 0.1082
717.3557, 0.1082
717.8721, 0.1082
718.3884, 0.1082
718.9048, 0.1082
719.4211, 0.1082
719.9375, 0.1082
720.4538, 0.1082
720.9702, 0.1082
721.4865, 0.1082
722.0029, 0.1082
722.5192, 0.1082
723.0356, 0.1082
723.5518, 0.1082
724.0683, 0.1082
724.5846, 0.1082
725.101, 0.1082
725.6173, 0.1082
726.1304, 0.1173
726.6468, 0.1173
727.1599, 0.1264
727.6763, 0.1264
728.1926, 0.1264
728.709, 0.1264
729.2253, 0.1264
729.7417, 0.1264
730.258, 0.1264
730.7744, 0.1264
731.2907, 0.1264
731.8071, 0.1264
732.3234, 0.1264
732.8397, 0.1264
733.3529, 0.1355
733.8692, 0.1355
734.3888, 0.1264
734.9052, 0.1264
735.4215, 0.1264
735.9346, 0.1355
735.9314, 0.1446
736.4477, 0.1446
736.4445, 0.1536
736.9607, 0.1536
737.4772, 0.1536
737.9935, 0.1536
738.5099, 0.1536
739.0262, 0.1536
739.5426, 0.1536
740.0557, 0.1627
740.572, 0.1627
741.0884, 0.1627
741.6048, 0.1627
742.1211, 0.1627
742.6375, 0.1627
743.157, 0.1536
743.6734, 0.1536
744.1898, 0.1536
744.7061, 0.1536
745.2225, 0.1536
745.2192, 0.1627
745.7323, 0.1718
746.2487, 0.1718
746.765, 0.1718
747.2814, 0.1718
747.7976, 0.1718
748.3141, 0.1718
748.8272, 0.1809
749.3435, 0.1809
749.8599, 0.1809
750.3761, 0.1809
750.8925, 0.1809
751.4089, 0.1809
751.9253, 0.1809
752.4416, 0.1809
752.958, 0.1809
753.4743, 0.1809
753.9907, 0.1809
754.507, 0.1809
755.0234, 0.1809
755.5396, 0.1809
755.5365, 0.1899
756.0496, 0.199
756.0464, 0.2081
756.5594, 0.2172
757.0758, 0.2172
757.5922, 0.2172
758.1053, 0.2263
758.6216, 0.2263
759.1347, 0.2353
759.6511, 0.2353
760.1674, 0.2353
760.6838, 0.2353
761.2001, 0.2353
761.7165, 0.2353
762.2328, 0.2353
762.7492, 0.2353
763.2688, 0.2263
763.7851, 0.2263
764.3047, 0.2172
764.8211, 0.2172
765.3374, 0.2172
765.8538, 0.2172
766.37, 0.2172
766.8864, 0.2172
767.3996, 0.2263
767.9159, 0.2263
768.429, 0.2353
768.9454, 0.2353
769.4617, 0.2353
769.9781, 0.2353
770.4945, 0.2353
771.0108, 0.2353
771.5272, 0.2353
772.0435, 0.2353
772.5598, 0.2353
773.0762, 0.2353
773.5926, 0.2353
774.1089, 0.2353
774.6284, 0.2263
775.1449, 0.2263
775.6612, 0.2263
776.1776, 0.2263
776.6939, 0.2263
777.2103, 0.2263
777.7266, 0.2263
778.2429, 0.2263
778.7593, 0.2263
779.2757, 0.2263
779.792, 0.2263
780.3084, 0.2263
780.8247, 0.2263
781.3411, 0.2263
781.8542, 0.2353
782.3705, 0.2353
782.8869, 0.2353
783.4032, 0.2353
783.9228, 0.2263
784.4424, 0.2172
784.962, 0.2081
785.4784, 0.2081
785.4816, 0.199
785.998, 0.199
786.5143, 0.199
787.0307, 0.199
787.547, 0.199
788.0634, 0.199
788.5796, 0.199
789.0928, 0.2081
789.6092, 0.2081
790.1255, 0.2081
790.6419, 0.2081
791.1582, 0.2081
791.6745, 0.2081
792.1909, 0.2081
792.7073, 0.2081
793.2236, 0.2081
793.7431, 0.199
794.2628, 0.1899
794.2661, 0.1809
794.7824, 0.1809
794.7856, 0.1718
795.3053, 0.1627
795.3085, 0.1536
795.8249, 0.1536
796.3412, 0.1536
796.8576, 0.1536
797.3707, 0.1627
797.887, 0.1627
798.4034, 0.1627
798.9197, 0.1627
799.4361, 0.1627
799.9524, 0.1627
800.4687, 0.1627
800.9851, 0.1627
801.5015, 0.1627
802.0178, 0.1627
802.5342, 0.1627
803.0505, 0.1627
803.5669, 0.1627
804.0865, 0.1536
804.0897, 0.1446
804.6093, 0.1355
