#DataThief C:\Users\Sebastian\Desktop\Research Project\Program\Program 20170401\GraphRefractiveIndexBlackPhosphorus.png Tuesday 27-Jun-2017 11:43:01 AM
468.4784, 2.986
468.4817, 2.9769
469.0013, 2.9679
469.0045, 2.9588
469.5209, 2.9588
469.5241, 2.9497
469.5274, 2.9405
470.0437, 2.9405
470.5601, 2.9405
470.5633, 2.9316
470.5666, 2.9224
471.0829, 2.9224
471.5993, 2.9224
472.1156, 2.9224
472.632, 2.9224
473.1516, 2.9134
473.6679, 2.9134
474.1843, 2.9134
474.7006, 2.9134
475.2202, 2.9043
475.7366, 2.9043
476.2529, 2.9043
476.7692, 2.9043
477.2856, 2.9043
477.8052, 2.8953
478.3216, 2.8953
478.8378, 2.8953
479.3575, 2.8862
479.8739, 2.8862
480.3902, 2.8862
480.9066, 2.8862
481.4229, 2.8862
481.9393, 2.8862
482.4556, 2.8862
482.972, 2.8862
483.4883, 2.8862
484.0047, 2.8862
484.521, 2.8862
485.0374, 2.8862
485.5537, 2.8862
486.0733, 2.8771
486.5897, 2.8771
487.106, 2.8771
487.6256, 2.8679
488.142, 2.8679
488.6616, 2.8589
489.1779, 2.8589
489.6975, 2.8498
490.2139, 2.8498
490.7302, 2.8498
491.2498, 2.8408
491.7662, 2.8408
492.2825, 2.8408
492.7989, 2.8408
493.3152, 2.8408
493.8316, 2.8408
494.3479, 2.8408
494.8643, 2.8408
495.3806, 2.8408
495.897, 2.8408
496.4133, 2.8408
496.9297, 2.8408
497.446, 2.8408
497.9656, 2.8317
498.482, 2.8317
498.9983, 2.8317
499.5147, 2.8317
500.0343, 2.8226
500.5539, 2.8135
501.0702, 2.8135
501.5866, 2.8135
502.1029, 2.8135
502.6193, 2.8135
503.1356, 2.8135
503.6552, 2.8045
504.1716, 2.8045
504.6879, 2.8045
505.2043, 2.8045
505.7206, 2.8045
506.237, 2.8045
506.7566, 2.7953
507.2729, 2.7953
507.7893, 2.7953
508.3056, 2.7953
508.822, 2.7953
509.3416, 2.7863
509.8578, 2.7863
510.3743, 2.7863
510.8906, 2.7863
511.407, 2.7863
511.9233, 2.7863
512.4397, 2.7863
512.9593, 2.7772
513.4756, 2.7772
513.992, 2.7772
514.5083, 2.7772
515.0247, 2.7772
515.541, 2.7772
516.0574, 2.7772
516.5737, 2.7772
517.0901, 2.7772
517.6064, 2.7772
518.1228, 2.7772
518.6391, 2.7772
519.1587, 2.7682
519.6751, 2.7682
520.1914, 2.7682
520.7078, 2.7682
521.2241, 2.7682
521.7405, 2.7682
522.2568, 2.7682
522.7732, 2.7682
523.2896, 2.7682
523.8058, 2.7682
524.3223, 2.7682
524.8386, 2.7682
525.355, 2.7682
525.8713, 2.7682
526.3877, 2.7682
526.904, 2.7682
527.4203, 2.7682
527.94, 2.7591
528.4563, 2.7591
528.9727, 2.7591
528.9759, 2.75
529.4955, 2.7409
530.0119, 2.7409
530.5282, 2.7409
531.0446, 2.7409
531.5609, 2.7409
532.0773, 2.7409
532.5936, 2.7409
533.11, 2.7409
533.6263, 2.7409
534.1427, 2.7409
534.659, 2.7409
535.1754, 2.7409
535.6917, 2.7409
536.2081, 2.7409
536.7244, 2.7409
537.2408, 2.7409
537.7604, 2.7318
538.2767, 2.7318
538.7963, 2.7227
539.3127, 2.7227
539.8323, 2.7137
540.3519, 2.7046
540.8715, 2.6955
541.3878, 2.6955
541.9042, 2.6955
542.4205, 2.6955
542.9369, 2.6955
543.4532, 2.6955
543.9696, 2.6955
544.4859, 2.6955
545.0023, 2.6955
545.5186, 2.6955
546.035, 2.6955
546.5513, 2.6955
547.0677, 2.6955
547.584, 2.6955
548.1036, 2.6865
548.62, 2.6865
549.1396, 2.6774
549.6559, 2.6774
550.1755, 2.6683
550.6951, 2.6592
551.2115, 2.6592
551.7278, 2.6592
552.2442, 2.6592
552.7605, 2.6592
553.2769, 2.6592
553.7965, 2.6501
554.3128, 2.6501
554.8292, 2.6501
555.3455, 2.6501
555.8651, 2.6411
556.3815, 2.6411
556.8978, 2.6411
557.4174, 2.632
557.9338, 2.632
558.4501, 2.632
558.4534, 2.6229
558.9697, 2.6229
559.4861, 2.6229
560.0024, 2.6229
560.5188, 2.6229
561.0351, 2.6229
561.5514, 2.6229
562.0678, 2.6229
562.5842, 2.6229
563.1005, 2.6229
563.6169, 2.6229
564.1332, 2.6229
564.6496, 2.6229
565.1659, 2.6229
565.6823, 2.6229
566.1985, 2.6229
566.7149, 2.6229
567.2313, 2.6229
567.7477, 2.6229
568.264, 2.6229
568.7804, 2.6229
569.2967, 2.6229
569.8131, 2.6229
570.3294, 2.6229
570.8458, 2.6229
571.362, 2.6229
571.8784, 2.6229
572.3948, 2.6229
572.9112, 2.6229
573.4275, 2.6229
573.9439, 2.6229
574.4602, 2.6229
574.9766, 2.6229
575.4929, 2.6229
576.0093, 2.6229
576.5255, 2.6229
577.042, 2.6229
577.5583, 2.6229
578.0747, 2.6229
578.5943, 2.6138
579.1106, 2.6138
579.6301, 2.6047
580.1466, 2.6047
580.6662, 2.5957
581.1825, 2.5957
581.6989, 2.5957
582.2152, 2.5957
582.7316, 2.5957
583.2479, 2.5957
583.7643, 2.5957
584.2806, 2.5957
584.797, 2.5957
585.3133, 2.5957
585.8296, 2.5957
586.3493, 2.5866
586.8656, 2.5866
587.382, 2.5866
587.8982, 2.5866
588.4179, 2.5775
588.9343, 2.5775
589.4539, 2.5684
589.9702, 2.5684
590.4866, 2.5684
591.0029, 2.5684
591.5192, 2.5684
592.0356, 2.5684
592.552, 2.5684
593.0683, 2.5684
593.5847, 2.5684
594.101, 2.5684
594.6174, 2.5684
595.137, 2.5594
595.6533, 2.5594
596.1697, 2.5594
596.686, 2.5594
597.2056, 2.5503
597.722, 2.5503
598.2383, 2.5503
598.7547, 2.5503
599.2711, 2.5503
599.7906, 2.5412
600.307, 2.5412
600.8233, 2.5412
601.3397, 2.5412
601.8561, 2.5412
602.3724, 2.5412
602.8888, 2.5412
603.4051, 2.5412
603.9215, 2.5412
604.4378, 2.5412
604.9542, 2.5412
605.4705, 2.5412
605.9868, 2.5412
606.5032, 2.5412
607.0196, 2.5412
607.5359, 2.5412
608.0523, 2.5412
608.5686, 2.5412
609.085, 2.5412
609.6013, 2.5412
610.1144, 2.5503
610.6308, 2.5503
611.1471, 2.5503
611.6635, 2.5503
612.1798, 2.5503
612.6962, 2.5503
613.2125, 2.5503
613.7288, 2.5503
614.2452, 2.5503
614.7616, 2.5503
615.2779, 2.5503
615.7943, 2.5503
616.3106, 2.5503
616.827, 2.5503
617.3433, 2.5503
617.8597, 2.5503
618.376, 2.5503
618.8891, 2.5594
619.4055, 2.5594
619.9219, 2.5594
620.4382, 2.5594
620.9546, 2.5594
621.4708, 2.5594
621.9872, 2.5594
622.5036, 2.5594
623.02, 2.5594
623.5363, 2.5594
624.0527, 2.5594
624.569, 2.5594
625.0854, 2.5594
625.6017, 2.5594
626.1181, 2.5594
626.6343, 2.5594
627.1508, 2.5594
627.6671, 2.5594
628.1835, 2.5594
628.6998, 2.5594
629.2194, 2.5503
629.7358, 2.5503
630.2521, 2.5503
630.7685, 2.5503
631.2848, 2.5503
631.8012, 2.5503
632.3175, 2.5503
632.8371, 2.5412
633.3535, 2.5412
633.8698, 2.5412
634.3862, 2.5412
634.9024, 2.5412
635.4189, 2.5412
635.9352, 2.5412
636.4516, 2.5412
636.9679, 2.5412
637.4843, 2.5412
638.0006, 2.5412
638.517, 2.5412
639.0333, 2.5412
639.5497, 2.5412
640.0693, 2.5321
640.5856, 2.5321
641.102, 2.5321
641.6183, 2.5321
642.1379, 2.523
642.6543, 2.523
643.1706, 2.523
643.687, 2.523
644.2033, 2.523
644.7229, 2.514
645.2393, 2.514
645.7556, 2.514
646.272, 2.514
646.7883, 2.514
647.3047, 2.514
647.821, 2.514
648.3374, 2.514
648.857, 2.5049
649.3733, 2.5049
649.8897, 2.5049
650.406, 2.5049
650.9224, 2.5049
651.4386, 2.5049
651.955, 2.5049
652.4714, 2.5049
652.9878, 2.5049
653.5041, 2.5049
654.0205, 2.5049
654.5368, 2.5049
655.0532, 2.5049
655.5695, 2.5049
656.0859, 2.5049
656.6023, 2.5049
657.1186, 2.5049
657.635, 2.5049
658.1513, 2.5049
658.6677, 2.5049
659.184, 2.5049
659.7004, 2.5049
660.2167, 2.5049
660.733, 2.5049
661.2494, 2.5049
661.7658, 2.5049
662.2821, 2.5049
662.7985, 2.5049
663.3148, 2.5049
663.8312, 2.5049
664.3475, 2.5049
664.8639, 2.5049
665.3801, 2.5049
665.8965, 2.5049
666.4129, 2.5049
666.9293, 2.5049
667.4456, 2.5049
667.962, 2.5049
668.4783, 2.5049
668.9947, 2.5049
669.5078, 2.514
670.0241, 2.514
670.5405, 2.514
671.0568, 2.514
671.5732, 2.514
672.0895, 2.514
672.6059, 2.514
673.1222, 2.514
673.6385, 2.514
674.1549, 2.514
674.6713, 2.514
675.1876, 2.514
675.704, 2.514
676.2203, 2.514
676.7367, 2.514
677.253, 2.514
677.7694, 2.514
678.2858, 2.514
678.8021, 2.514
679.3185, 2.514
679.8348, 2.514
680.3512, 2.514
680.8708, 2.5049
681.3871, 2.5049
681.9035, 2.5049
682.4198, 2.5049
682.9362, 2.5049
683.4525, 2.5049
683.9689, 2.5049
684.4852, 2.5049
685.0016, 2.5049
685.5179, 2.5049
686.0343, 2.5049
686.5506, 2.5049
687.067, 2.5049
687.5833, 2.5049
688.0997, 2.5049
688.616, 2.5049
689.1356, 2.4958
689.652, 2.4958
690.1683, 2.4958
690.6846, 2.4958
691.201, 2.4958
691.7174, 2.4958
692.2337, 2.4958
692.7501, 2.4958
693.2664, 2.4958
693.7828, 2.4958
694.2991, 2.4958
694.8155, 2.4958
695.3317, 2.4958
695.8481, 2.4958
696.3645, 2.4958
696.8809, 2.4958
697.3972, 2.4958
697.9167, 2.4867
698.4332, 2.4867
698.9527, 2.4777
699.4691, 2.4777
699.9855, 2.4777
700.5018, 2.4777
701.0182, 2.4777
701.5377, 2.4686
702.0541, 2.4686
702.5705, 2.4686
703.0868, 2.4686
703.6032, 2.4686
704.1195, 2.4686
704.6359, 2.4686
705.1522, 2.4686
705.6686, 2.4686
706.1849, 2.4686
706.7013, 2.4686
707.2176, 2.4686
707.734, 2.4686
708.2503, 2.4686
708.7667, 2.4686
709.2863, 2.4595
709.8058, 2.4504
710.3222, 2.4504
710.8386, 2.4504
711.3549, 2.4504
711.8713, 2.4504
712.3876, 2.4504
712.904, 2.4504
713.4203, 2.4504
713.9367, 2.4504
714.453, 2.4504
714.9694, 2.4504
715.4857, 2.4504
716.0021, 2.4504
716.5185, 2.4504
717.0348, 2.4504
717.5512, 2.4504
718.0675, 2.4504
718.5838, 2.4504
719.1035, 2.4413
719.6198, 2.4413
720.1362, 2.4413
720.6558, 2.4323
721.1721, 2.4323
721.6885, 2.4323
722.2048, 2.4323
722.7244, 2.4232
723.2408, 2.4232
723.757, 2.4232
724.2735, 2.4232
724.7898, 2.4232
725.3062, 2.4232
725.8225, 2.4232
726.3389, 2.4232
726.8552, 2.4232
727.3716, 2.4232
727.8879, 2.4232
728.4075, 2.4141
728.9239, 2.4141
729.4435, 2.405
729.9598, 2.405
730.4794, 2.3959
730.9958, 2.3959
731.5121, 2.3959
732.0285, 2.3959
732.5448, 2.3959
733.0612, 2.3959
733.5775, 2.3959
734.0939, 2.3959
734.6101, 2.3959
735.1266, 2.3959
735.6429, 2.3959
736.1593, 2.3959
736.6756, 2.3959
737.192, 2.3959
737.7083, 2.3959
738.2247, 2.3959
738.741, 2.3959
739.2574, 2.3959
739.777, 2.3869
740.2933, 2.3869
740.8096, 2.3869
741.326, 2.3869
741.8424, 2.3869
742.3587, 2.3869
742.8751, 2.3869
743.3914, 2.3869
743.9078, 2.3869
744.4241, 2.3869
744.9405, 2.3869
745.4567, 2.3869
745.9731, 2.3869
746.4895, 2.3869
747.0059, 2.3869
747.5222, 2.3869
748.0386, 2.3869
748.5549, 2.3869
749.0713, 2.3869
749.5876, 2.3869
750.104, 2.3869
750.6202, 2.3869
751.1367, 2.3869
751.653, 2.3869
752.1662, 2.3959
752.6825, 2.3959
753.1989, 2.3959
753.7151, 2.3959
754.2316, 2.3959
754.7479, 2.3959
755.2643, 2.3959
755.7806, 2.3959
756.297, 2.3959
756.8133, 2.3959
757.3296, 2.3959
757.846, 2.3959
758.3624, 2.3959
758.8787, 2.3959
759.3951, 2.3959
759.9114, 2.3959
760.4278, 2.3959
760.9409, 2.405
761.4572, 2.405
761.9736, 2.405
762.4867, 2.4141
763.003, 2.4141
763.5194, 2.4141
763.5161, 2.4232
764.0325, 2.4232
764.5488, 2.4232
765.0652, 2.4232
765.5783, 2.4323
766.0946, 2.4323
766.611, 2.4323
767.1274, 2.4323
767.6404, 2.4413
768.1568, 2.4413
768.6732, 2.4413
769.1863, 2.4504
769.7026, 2.4504
770.219, 2.4504
770.2157, 2.4595
770.7321, 2.4595
771.2484, 2.4595
771.7648, 2.4595
772.2811, 2.4595
772.7974, 2.4595
773.3138, 2.4595
773.8302, 2.4595
774.3465, 2.4595
774.8629, 2.4595
775.3792, 2.4595
775.8956, 2.4595
776.4119, 2.4595
776.9283, 2.4595
777.4445, 2.4595
777.9609, 2.4595
778.4773, 2.4595
778.9904, 2.4686
779.5068, 2.4686
780.0231, 2.4686
780.5394, 2.4686
781.0559, 2.4686
781.5722, 2.4686
782.0853, 2.4777
782.6017, 2.4777
783.1179, 2.4777
783.6343, 2.4777
784.1507, 2.4777
784.6671, 2.4777
785.1834, 2.4777
785.6998, 2.4777
786.2161, 2.4777
786.7325, 2.4777
787.2488, 2.4777
787.7652, 2.4777
788.2814, 2.4777
788.7946, 2.4867
789.311, 2.4867
789.8241, 2.4958
790.3404, 2.4958
790.8568, 2.4958
791.3731, 2.4958
791.8895, 2.4958
792.4058, 2.4958
792.9222, 2.4958
793.4385, 2.4958
793.9548, 2.4958
794.4712, 2.4958
794.9876, 2.4958
795.5007, 2.5049
796.0171, 2.5049
796.5333, 2.5049
797.0498, 2.5049
797.5661, 2.5049
798.0825, 2.5049
798.5956, 2.514
799.1118, 2.514
799.6282, 2.514
800.1446, 2.514
